# Ejp0 corpus-replay run, dcm_log_20260727-094049.txt [REPLAY] lines; trainer-reported (bf16 graph) vLoss and gNorm per 50k-step bin
# bin_start n vLoss_median vLoss_p90 gNorm_median gNorm_p99
0 1000 0.879 0.969 2.55 8.0
50000 1000 1.031 1.406 3.78 13.2
100000 1000 1.039 1.321 2.55 11.3
150000 1000 1.008 1.314 1.65 10.7
200000 1000 1.008 1.281 1.66 10.8
250000 1000 1.023 1.227 1.81 10.4
300000 1000 1.031 1.203 1.91 10.5
350000 1000 1.047 1.266 2.30 9.1
400000 1000 1.039 1.266 2.25 9.9
450000 1000 1.047 1.266 2.37 9.0
500000 1000 1.047 1.266 2.23 9.3
550000 1000 1.047 1.282 2.24 9.3
600000 1000 1.039 1.289 2.28 9.3
650000 1000 1.047 1.273 2.20 10.1
700000 1000 1.047 1.281 2.33 10.3
750000 1000 1.047 1.320 2.47 9.9
800000 1000 1.062 1.329 2.50 9.6
850000 1000 1.062 1.328 2.73 10.1
900000 1000 1.070 1.344 2.86 10.4
950000 1000 1.070 1.406 3.09 10.5
1000000 1000 1.062 1.320 2.75 9.9
1050000 1000 1.078 1.344 3.15 10.3
1100000 1000 1.086 1.383 3.39 9.8
1150000 1000 1.086 1.406 3.47 11.1
1200000 1000 1.094 1.414 3.53 10.4
1250000 1000 1.086 1.383 3.78 11.1
1300000 1000 1.102 1.376 4.03 10.8
1350000 953 1.086 1.383 4.00 11.2
