model_id               src            step nat  bfx  ph    | vMeanRow     vResid(W/D/L) vBias mean | shared med |lg|max spread |   CE64   CEbf    dCE      KL  ties argmx |  recCE recTie | cls  || pol:  rowM resMed  bMean | legMean legStd legMax |       KL  top1  tie2  tie5     dCE | orKL orTie2 orTie5
20260601-11-bzw3-31    model        467065 bf16 1.00 inter |    22.91    1.19/1.08/1.13    +4.312 |     +275.4   297.8   1.00 | 1.4337 1.5154 +0.0817 0.1165 1.000 0.593 | 1.4336 0.0008 | BAD  ||  0.93   1.70 -0.189 |   -2.95   1.90   0.44 | 2.13e-06 0.000 0.004 0.025 -0.0001 | 6.4e-06 0.016 0.156
20260626-2-q2Bb        model          None bf16 1.00 inter |     0.79    1.04/1.15/1.17    +0.596 |       +0.3     3.5   2.74 | 2.6257 2.6258 +0.0002 -0.0000 0.002 0.000 | 2.6255 0.0034 | fine ||  0.18   1.38 +0.000 |   -0.12   0.72   1.64 | 2.07e-06 0.000 0.011 0.046 -0.0000 | 2.4e-06 0.013 0.050
20260626-4-Juoc        model          9580 bf16 1.00 inter |     0.89    0.83/1.03/0.95    +0.556 |      -41.3    55.1  39.13 | 20.2576 20.3127 +0.0551 0.0000 0.000 0.000 | 20.2487 0.0000 | BAD  ||  0.76   1.48 -0.001 |   -9.46  50.58  73.71 | 2.44e-03 0.000 0.875 0.929 -0.1158 | 5.3e-03 0.874 0.927
20260627-2-eUsW        model         26000 bf16 1.00 inter |     0.86    0.98/1.02/0.95    +0.573 |       -3.1     5.5   2.05 | 0.8164 0.8165 +0.0001 -0.0001 0.000 0.000 | 0.8166 0.0000 | fine ||  1.00   1.75 -0.003 |   +3.00   1.01   4.37 | 1.02e-05 0.000 0.922 0.932 +0.0009 | 1.2e-06 0.903 0.930
20260627-3-Jbl3        model          7000 bf16 1.00 inter |     0.95    0.81/0.96/0.90    +0.574 |      -14.8    21.1   7.84 | 0.9311 0.9295 -0.0016 -0.0001 0.000 0.000 | 0.9309 0.0000 | fine ||  0.46   1.47 -0.001 |   +9.88   5.57  18.32 | 4.20e-04 0.000 0.230 0.538 -0.0008 | 5.9e-05 0.086 0.284
20260627-4-Pa83        model         10000 bf16 1.00 inter |     1.05    0.83/0.93/0.92    +0.563 |     -145.4   191.9  77.67 | 19.7242 19.4866 -0.2377 0.0000 0.000 0.000 | 19.4750 0.0000 | fine ||  0.43   1.46 -0.002 | +127.38  83.48 310.10 | 1.11e-02 0.000 0.056 0.197 -0.0151 | 2.2e-03 0.006 0.076
20260627-5-I78x        model          4000 bf16 1.00 inter |     0.85    0.94/1.01/0.94    +0.585 |      -45.8    95.5  74.48 | 6.2966 6.1702 -0.1265 -0.0002 0.000 0.000 | 6.1702 0.0000 | fine ||  0.25   1.53 -0.001 | +163.19  65.77 298.23 | 4.09e-03 0.000 0.013 0.149 -0.0049 | 7.0e-04 0.006 0.050
20260628-1-tWtk        model          None bf16 1.00 inter |     0.78    1.03/1.01/1.16    +0.596 |       +0.7     4.7   2.87 | 2.7499 2.7496 -0.0002 0.0000 0.000 0.000 | 2.7497 0.0008 | fine ||  0.18   1.39 +0.000 |   -0.08   0.85   1.70 | 1.43e-06 0.000 0.007 0.045 -0.0001 | 1.5e-06 0.004 0.042
20260627-7-mUF5        model         28797 f32  0.00 simpl |     0.62    1.17/1.32/1.20    +0.597 |       +1.1     3.4   2.34 | 0.7450 0.7450 -0.0000 -0.0000 0.000 0.000 | 0.7450 0.0000 | fine ||  0.31   1.48 -0.000 |  +17.29   0.61  19.09 | 1.34e-13 0.000 0.000 0.000 -0.0000 | 3.3e-16 0.000 0.000
20260628-2-a5fc        model         45441 bf16 1.00 inter |     3.94    0.85/0.88/0.93    +0.467 |      -46.2   129.2   2.60 | 0.7435 0.7508 +0.0073 0.0024 0.252 0.145 | 0.7434 0.0034 | degraded ||  0.32   1.64 -0.019 |  +13.53   0.60  15.36 | 1.79e-04 0.000 0.042 0.342 -0.0001 | 1.4e-06 0.003 0.022
20260628-9-OdUt        model         15460 bf16 1.00 inter |     5.27    0.79/0.84/0.86    +0.424 |     -107.1   154.4   2.64 | 0.7359 0.7429 +0.0070 0.0049 0.439 0.226 | 0.7360 0.0042 | degraded ||  0.33   1.58 -0.027 |  +13.15   0.60  14.96 | 1.74e-04 0.000 0.040 0.349 +0.0003 | 1.4e-06 0.005 0.022
20260629-1-Uf4p        model         39419 bf16 1.00 inter |     8.51    0.77/0.87/0.87    +0.272 |       -8.6    44.3   2.54 | 0.7287 0.7280 -0.0007 0.0000 0.099 0.022 | 0.7286 0.0008 | degraded ||  0.42   1.61 -0.061 |  +12.29   0.62  14.35 | 1.54e-04 0.000 0.049 0.350 +0.0005 | 1.7e-06 0.005 0.021
20260629-3-3MIV        model          None bf16 1.00 inter |     0.79    1.05/1.10/1.06    +0.596 |       +0.2     3.9   2.59 | 2.2911 2.2911 +0.0000 -0.0000 0.003 0.000 | 2.2908 0.0017 | fine ||  0.17   1.39 +0.000 |   +0.10   0.88   1.86 | 1.69e-06 0.000 0.009 0.063 -0.0000 | 1.5e-06 0.013 0.065
20260629-4-y5u7        model         13464 bf16 1.00 inter |     1.28    0.89/0.95/0.94    +0.543 |       -7.2    19.3   2.52 | 0.7448 0.7444 -0.0004 0.0001 0.112 0.061 | 0.7448 0.0076 | degraded ||  0.28   1.61 -0.006 |  +14.44   0.62  16.09 | 2.11e-04 0.000 0.067 0.414 +0.0003 | 1.4e-06 0.007 0.038
20260629-5-Coxw        model          None bf16 1.00 inter |     0.86    1.14/1.17/1.09    +0.596 |       +0.2     3.2   2.72 | 1.7234 1.7234 +0.0000 -0.0000 0.003 0.002 | 1.7232 0.0051 | fine ||  0.17   1.39 +0.000 |   +0.25   1.01   2.36 | 2.91e-06 0.000 0.032 0.083 -0.0000 | 2.1e-06 0.028 0.066
20260629-6-yqMI        model         55550 bf16 1.00 inter |     2.92    1.09/1.07/1.03    +0.422 |      -19.1    42.4   2.55 | 0.7375 0.7377 +0.0002 0.0003 0.171 0.070 | 0.7374 0.0034 | degraded ||  0.33   1.69 -0.031 |  +13.95   0.62  15.85 | 2.01e-04 0.000 0.043 0.375 -0.0008 | 1.4e-06 0.009 0.031
20260630-1-YkKk        model          None bf16 1.00 simpl |     0.86    1.19/1.21/1.21    +0.596 |       +0.8     5.2   3.14 | 2.6354 2.6356 +0.0002 0.0001 0.001 0.001 | 2.6355 0.0000 | fine ||  0.18   1.37 +0.000 |   +0.12   1.10   2.48 | 3.16e-06 0.000 0.011 0.066 -0.0001 | 2.8e-06 0.014 0.062
20260630-3-T97X        model          None bf16 1.00 inter |     0.85    1.02/1.16/1.13    +0.596 |       +0.6     3.1   2.27 | 2.1991 2.1992 +0.0001 0.0000 0.001 0.000 | 2.1990 0.0008 | fine ||  0.20   1.35 +0.000 |   -0.06   0.65   1.26 | 9.51e-07 0.000 0.003 0.041 +0.0000 | 9.4e-07 0.008 0.048
20260630-2-6y0s        model         40677 bf16 1.00 simpl |     0.81    1.13/1.12/1.20    +0.489 |       -0.9     4.4   2.47 | 0.7455 0.7455 -0.0000 0.0000 0.002 0.003 | 0.7455 0.0042 | fine ||  0.39   1.70 -0.019 |  +15.20   0.58  16.91 | 2.75e-04 0.000 0.078 0.538 +0.0031 | 1.3e-06 0.005 0.035
20260630-4-ASdQ        model          4433 bf16 1.00 inter |     0.86    0.87/1.05/0.93    +0.579 |       +1.6     7.0   2.77 | 0.7466 0.7465 -0.0001 0.0000 0.010 0.005 | 0.7466 0.0017 | fine ||  0.48   1.58 -0.001 |  +18.60   0.96  20.66 | 5.06e-04 0.000 0.098 0.558 -0.0011 | 1.9e-06 0.011 0.056
20260630-5-BEKK        model        120695 bf16 1.00 inter |     8.86    0.96/0.94/0.99    +0.186 |      -75.0   282.9   2.59 | 0.7372 0.7393 +0.0021 0.0042 0.438 0.236 | 0.7371 0.0051 | degraded ||  0.49   1.66 -0.099 |  +11.82   0.61  13.78 | 1.64e-04 0.000 0.048 0.341 +0.0010 | 1.6e-06 0.007 0.032
20260701-1-0Iwe        model        162330 bf16 1.00 simpl |     2.45    1.35/1.26/1.29    +0.065 |      -24.9    42.6   2.61 | 0.7422 0.7427 +0.0005 0.0005 0.108 0.045 | 0.7421 0.0025 | degraded ||  0.64   1.79 -0.126 |  +12.12   0.59  14.04 | 1.58e-04 0.000 0.048 0.381 -0.0000 | 1.4e-06 0.005 0.031
20260701-2-SvRu        model          8000 bf16 1.00 inter |     9.20    0.95/0.93/0.99    +0.164 |     -109.4   151.2   2.59 | 0.7320 0.7381 +0.0061 0.0047 0.338 0.117 | 0.7320 0.0008 | degraded ||  0.51   1.66 -0.106 |  +11.69   0.56  13.54 | 1.61e-04 0.000 0.053 0.347 +0.0002 | 1.4e-06 0.006 0.029
20260701-3-nT8Y        model          None bf16 1.00 inter |     0.82    0.98/1.05/1.11    +0.596 |       +0.5     3.3   2.13 | 2.0481 2.0482 +0.0002 0.0000 0.006 0.005 | 2.0480 0.0000 | fine ||  0.15   1.41 +0.000 |   +0.38   1.34   3.08 | 6.05e-06 0.000 0.060 0.127 -0.0000 | 5.0e-06 0.058 0.119
20260701-4-CIvL        model         65883 bf16 1.00 inter |     2.87    0.94/0.89/1.03    +0.399 |      -29.3    39.0   2.62 | 0.7295 0.7312 +0.0018 0.0006 0.200 0.111 | 0.7294 0.0051 | degraded ||  0.46   1.66 -0.036 |  +12.19   0.59  14.12 | 1.62e-04 0.000 0.049 0.371 +0.0007 | 1.4e-06 0.008 0.033
20260701-5-bOYQ        model         70779 bf16 1.00 inter |     7.84    0.94/0.95/1.00    +0.165 |      -17.8   214.7   2.64 | 0.7368 0.7403 +0.0034 0.0035 0.206 0.037 | 0.7369 0.0042 | degraded ||  0.68   1.67 -0.087 |   +9.41   0.59  11.39 | 1.49e-04 0.000 0.047 0.371 -0.0011 | 1.4e-06 0.006 0.025
ERROR models 20260701-uni16-9x9stem-seed.safetensors TypeError('only length-1 arrays can be converted to Python scalars')
20260702-1-CPZm        model          1125 bf16 1.00 inter |     0.85    0.95/0.94/0.95    -0.005 |       -0.9     3.7   2.73 | 0.7673 0.7675 +0.0001 0.0000 0.003 0.002 | 0.7672 0.0093 | fine ||  0.23   1.48 -0.000 |  +13.02   0.77  14.62 | 1.50e-04 0.000 0.075 0.493 -0.0005 | 1.3e-06 0.006 0.047
ERROR models 20260702-9blk16se-9x9stem-seed.safetensors TypeError('only length-1 arrays can be converted to Python scalars')
20260702-7-Qeu8        model          None bf16 1.00 inter |     0.83    1.18/1.16/1.34    +0.596 |       +0.5     4.4   3.24 | 2.6305 2.6303 -0.0002 -0.0001 0.002 0.000 | 2.6306 0.0025 | fine ||  0.17   1.41 +0.000 |   +0.18   0.98   2.07 | 2.33e-06 0.000 0.017 0.070 +0.0000 | 1.8e-06 0.009 0.047
20260702-4-DEQi        model         74225 bf16 1.00 inter |     6.99    0.95/0.97/1.06    +0.294 |     -119.6   172.0   2.73 | 0.7405 0.7443 +0.0039 0.0082 0.299 0.245 | 0.7405 0.0008 | degraded ||  0.53   1.75 -0.034 |  +11.80   0.61  13.71 | 1.58e-04 0.000 0.041 0.386 +0.0008 | 1.4e-06 0.004 0.031
20260702-9-GLu5        model         41000 bf16 1.00 inter |     1.65    1.09/1.02/1.18    +0.484 |      -10.5    19.0   2.50 | 0.7319 0.7324 +0.0005 0.0000 0.081 0.049 | 0.7319 0.0051 | degraded ||  0.39   1.66 -0.024 |  +13.01   0.61  14.84 | 1.68e-04 0.000 0.036 0.353 +0.0001 | 1.6e-06 0.006 0.024
20260703-1-Lnji        model         67508 bf16 1.00 inter |     5.39    1.01/0.94/1.07    +0.293 |      -12.2   316.0   2.29 | 0.7362 0.7394 +0.0032 0.0089 0.329 0.291 | 0.7362 0.0000 | degraded ||  0.67   1.72 -0.082 |   +9.40   0.61  11.34 | 1.50e-04 0.000 0.037 0.327 -0.0008 | 1.5e-06 0.003 0.024
20260704-1-X79T        model         21224 bf16 1.00 inter |     0.85    1.23/1.55/1.28    +0.673 |       -0.8     6.2   1.67 | 0.7923 0.7923 +0.0001 0.0000 0.006 0.003 | 0.7922 0.0008 | fine ||  0.31   1.59 -0.010 |  +13.78   0.67  15.71 | 1.97e-04 0.000 0.054 0.378 +0.0004 | 1.6e-06 0.006 0.030
20260704-2-jSjr        model         42507 bf16 1.00 inter |     1.11    1.26/1.67/1.28    +0.819 |       +3.4    21.1   1.65 | 0.7852 0.7850 -0.0002 -0.0000 0.025 0.008 | 0.7853 0.0051 | fine ||  0.45   1.66 -0.037 |  +12.58   0.63  14.48 | 1.63e-04 0.000 0.051 0.347 -0.0004 | 1.6e-06 0.003 0.019
20260704-3-h7Pp        model         42507 bf16 1.00 inter |     2.19    1.23/1.64/1.23    +0.954 |       +9.2    53.2   1.62 | 0.7839 0.7845 +0.0006 0.0001 0.040 0.005 | 0.7839 0.0017 | fine ||  0.60   1.70 -0.070 |  +10.21   0.59  12.14 | 1.55e-04 0.000 0.036 0.339 -0.0004 | 1.5e-06 0.006 0.033
20260705-1-znR7        model        114000 bf16 1.00 inter |    13.99    1.03/0.94/1.00    -0.025 |      -30.8   237.1   2.61 | 0.7214 0.7379 +0.0165 0.0117 0.446 0.108 | 0.7214 0.0025 | degraded ||  0.90   1.63 -0.217 |   +6.58   0.59   8.60 | 6.35e-05 0.000 0.028 0.226 -0.0000 | 1.5e-06 0.005 0.025
20260706-1-PVZp        model         67000 bf16 1.00 inter |     7.74    0.95/1.10/1.07    +0.144 |      -41.4   105.4   2.59 | 0.7158 0.7170 +0.0013 0.0021 0.356 0.181 | 0.7158 0.0034 | degraded ||  0.98   1.75 -0.145 |   +4.44   0.57   6.42 | 3.74e-05 0.000 0.016 0.199 +0.0001 | 1.5e-06 0.003 0.019
20260706-2-3CZF        model         15000 bf16 1.00 inter |     8.72    0.94/0.94/1.02    +0.121 |      -27.3   514.8   2.44 | 0.7360 0.7452 +0.0092 0.0052 0.168 0.043 | 0.7360 0.0042 | degraded ||  0.72   1.67 -0.098 |   +8.83   0.58  10.80 | 1.43e-04 0.000 0.032 0.347 -0.0009 | 1.3e-06 0.006 0.033
20260707-1-cslu        model        140000 bf16 1.00 inter |    11.51    0.90/0.77/0.89    -0.045 |     -105.3   138.2   2.68 | 0.7259 0.7244 -0.0015 0.0037 0.222 0.170 | 0.7259 0.0017 | degraded ||  1.14   1.74 -0.216 |   +1.42   0.61   3.56 | 6.90e-06 0.000 0.008 0.096 +0.0001 | 1.7e-06 0.006 0.024
20260708-4-kEiZ        model         21086 bf16 1.00 inter |    14.22    0.80/0.72/0.79    +0.012 |     -236.3   657.9   2.43 | 0.8308 0.8757 +0.0449 0.0377 0.375 0.168 | 0.8309 0.0008 | BAD  ||  1.10   1.65 -0.228 |   +1.12   0.59   3.20 | 5.33e-06 0.000 0.010 0.081 -0.0002 | 1.4e-06 0.009 0.034
20260708-5-0YQL        model         26492 bf16 1.00 inter |     8.15    1.12/1.48/1.11    +1.068 |       +5.5   761.0   1.66 | 0.9563 0.9639 +0.0076 0.0288 0.255 0.050 | 0.9562 0.0008 | degraded ||  0.62   1.61 -0.085 |   +9.91   0.65  12.03 | 1.51e-04 0.000 0.045 0.343 +0.0009 | 1.8e-06 0.005 0.026
20260708-6-sFzi        model         88107 bf16 1.00 inter |    22.85    1.11/1.56/1.08    +2.448 |     +558.5  1316.6   2.51 | 0.8240 0.9464 +0.1223 0.1479 0.698 0.223 | 0.8240 0.0034 | BAD  ||  0.75   1.43 -0.133 |   +7.02   0.61   9.06 | 6.91e-05 0.000 0.033 0.248 +0.0003 | 1.5e-06 0.004 0.035
20260709-1-avoB        model        277000 bf16 1.00 inter |    29.46    1.00/0.89/1.08    +2.513 |     +521.4  1115.3   3.74 | 0.7233 0.8293 +0.1061 0.1509 0.948 0.215 | 0.7233 0.0008 | BAD  ||  0.56   1.21 -0.202 |  +10.01   0.58  11.94 | 1.53e-04 0.000 0.048 0.355 +0.0009 | 1.4e-06 0.005 0.034
20260711-1-wXIL        model          None bf16 1.00 inter |     0.76    0.97/1.16/1.12    +0.596 |       +0.9     5.2   2.76 | 2.5522 2.5523 +0.0002 0.0000 0.000 0.000 | 2.5522 0.0017 | fine ||  0.16   1.41 +0.000 |   +0.17   0.84   1.73 | 1.48e-06 0.000 0.014 0.072 -0.0000 | 1.1e-06 0.011 0.059
20260710-1-amlg        model        250803 bf16 1.00 simpl |    14.54    1.15/1.06/1.10    -0.211 |     -150.8   277.4   2.57 | 0.7462 0.7692 +0.0230 0.0228 0.433 0.065 | 0.7462 0.0017 | degraded ||  0.62   1.32 -0.259 |  +10.29   0.62  12.29 | 1.57e-04 0.000 0.042 0.365 -0.0003 | 1.6e-06 0.006 0.027
20260711-2-b5TY        model         23000 bf16 1.00 inter |     0.88    0.85/1.03/0.92    +0.542 |       +5.1     8.6   2.57 | 0.7472 0.7473 +0.0001 0.0001 0.054 0.024 | 0.7471 0.0136 | degraded ||  0.28   1.54 -0.005 |  +13.19   0.64  14.93 | 1.69e-04 0.000 0.054 0.386 +0.0006 | 1.2e-06 0.005 0.034
20260711-3-pm4J        model          None bf16 1.00 inter |     0.85    1.25/1.13/1.19    +0.596 |       +0.6     2.8   1.25 | 1.5120 1.5122 +0.0001 0.0000 0.003 0.002 | 1.5122 0.0034 | fine ||  0.16   1.40 +0.000 |   -0.12   0.92   1.56 | 1.84e-06 0.000 0.009 0.029 +0.0001 | 2.1e-06 0.008 0.046
20260711-4-1mjX        model         20000 bf16 1.00 inter |     1.00    1.08/0.89/0.99    +0.558 |       +6.4    15.0   2.74 | 0.7365 0.7364 -0.0001 0.0000 0.048 0.021 | 0.7363 0.0051 | fine ||  0.23   1.49 -0.006 |  +14.41   0.65  16.35 | 2.36e-04 0.000 0.069 0.403 +0.0009 | 1.4e-06 0.003 0.037
20260711-9-dOjG        model          None bf16 1.00 inter |     0.84    1.07/1.06/1.04    +0.596 |       +0.9     3.7   2.09 | 2.0838 2.0836 -0.0001 -0.0000 0.002 0.000 | 2.0838 0.0025 | fine ||  0.16   1.41 +0.000 |   +0.06   0.84   1.70 | 1.35e-06 0.000 0.008 0.059 -0.0000 | 1.2e-06 0.008 0.052
20260711-10-FxUc       model          5000 bf16 1.00 inter |     0.85    0.87/0.80/0.76    +0.582 |       +3.2     6.7   2.46 | 0.7441 0.7437 -0.0004 0.0000 0.039 0.012 | 0.7441 0.0025 | fine ||  0.24   1.50 -0.001 |  +14.39   0.67  16.24 | 2.16e-04 0.000 0.064 0.457 -0.0011 | 1.4e-06 0.006 0.037
20260711-11-xE1v       model          None bf16 1.00 inter |     0.75    1.09/1.08/1.06    +0.596 |       +0.9     4.5   2.43 | 1.9416 1.9416 -0.0000 0.0000 0.004 0.001 | 1.9417 0.0034 | fine ||  0.16   1.40 +0.000 |   -0.30   1.20   2.20 | 2.78e-06 0.000 0.007 0.037 +0.0000 | 3.2e-06 0.008 0.042
20260711-13-9mEU       model         49000 bf16 1.00 inter |     1.59    0.84/0.88/0.80    +0.480 |      +12.9    51.1   2.59 | 0.7379 0.7370 -0.0008 0.0002 0.047 0.025 | 0.7378 0.0051 | fine ||  0.28   1.45 -0.016 |  +13.49   0.60  15.26 | 1.80e-04 0.000 0.041 0.360 -0.0004 | 1.4e-06 0.003 0.030
20260711-16-VRR4       model          None bf16 1.00 inter |     0.86    1.08/1.12/1.10    +0.596 |       +0.4     3.8   2.62 | 2.5082 2.5084 +0.0003 -0.0000 0.000 0.000 | 2.5083 0.0017 | fine ||  0.17   1.40 +0.000 |   -0.05   1.03   2.17 | 2.84e-06 0.000 0.017 0.087 -0.0002 | 2.9e-06 0.014 0.065
20260711-17-pycz       model        120000 bf16 1.00 inter |    22.27    0.81/0.75/0.81    +1.331 |     +513.2   824.1   3.30 | 0.8239 1.0366 +0.2126 0.1606 0.750 0.101 | 0.8239 0.0008 | BAD  ||  0.42   1.31 -0.063 |  +11.29   0.60  13.17 | 1.57e-04 0.000 0.042 0.379 -0.0002 | 1.5e-06 0.003 0.024
20260712-2-utcG        model          1000 bf16 1.00 inter |     0.83    1.27/1.16/1.38    +0.601 |       +1.0     6.4   3.84 | 1.1401 1.1399 -0.0001 -0.0000 0.003 0.001 | 1.1399 0.0017 | fine ||  0.19   1.43 -0.000 |   +8.39   2.30  12.56 | 1.21e-04 0.000 0.029 0.269 -0.0001 | 1.2e-05 0.011 0.064
20260712-3-7tGs        model          3000 bf16 1.00 inter |     0.82    1.40/1.12/1.43    +0.596 |       +0.4     5.9   4.64 | 1.0965 1.0967 +0.0001 0.0000 0.003 0.000 | 1.0966 0.0017 | fine ||  0.21   1.43 -0.001 |  +12.02   1.15  14.52 | 1.50e-04 0.000 0.045 0.340 +0.0001 | 4.2e-06 0.008 0.055
20260712-4-s3bg        model         15000 bf16 1.00 inter |     3.01    1.34/1.01/1.31    +0.694 |     +126.4   160.3   5.48 | 1.4865 1.4958 +0.0093 0.0026 0.180 0.015 | 1.4865 0.0025 | degraded ||  0.22   1.45 -0.005 |  +13.14   0.99  15.38 | 1.85e-04 0.000 0.049 0.357 -0.0000 | 3.0e-06 0.007 0.045
20260712-5-iOfG        model          4000 bf16 1.00 inter |     0.84    1.03/1.18/1.03    +0.587 |       +2.1     9.3   3.03 | 1.0089 1.0088 -0.0000 -0.0000 0.006 0.002 | 1.0089 0.0034 | fine ||  0.20   1.44 -0.002 |  +10.58   2.25  14.42 | 1.47e-04 0.000 0.041 0.356 -0.0002 | 8.8e-06 0.005 0.086
20260703-1-Dg5v        model        268506 bf16 1.00 inter |    34.16    1.99/3.15/2.45    +0.861 |     +504.0   890.4   3.31 | 0.7368 0.8174 +0.0806 0.0855 0.612 0.233 | 0.7368 0.0042 | BAD  ||  1.37   1.80 -0.308 |   -2.23   0.58  -0.06 | 6.05e-06 0.000 0.002 0.050 +0.0001 | 1.6e-06 0.002 0.019
20260712-6-lTiK        model        220000 bf16 1.00 inter |    14.21    1.46/1.40/1.36    +1.586 |     +481.4   541.9   5.97 | 1.8450 1.8888 +0.0438 0.0228 0.536 0.058 | 1.8450 0.0008 | BAD  ||  0.45   0.95 -0.075 |  +10.21   0.83  12.38 | 1.50e-04 0.000 0.048 0.396 +0.0004 | 2.2e-06 0.010 0.048
20260714-1-NYAZ        model        758000 bf16 1.00 inter |    15.25    1.20/1.10/1.24    +5.083 |     +687.1  1064.4   6.73 | 2.1091 2.1646 +0.0554 0.0525 0.785 0.078 | 2.1087 0.0068 | BAD  ||  0.84   0.89 -0.296 |   +0.21   0.56   2.11 | 2.73e-06 0.000 0.004 0.040 -0.0001 | 1.6e-06 0.003 0.031
20260722-1-syxR        model        558000 bf16 1.00 inter |    16.31    1.21/1.08/1.25    +7.521 |     +536.3  1055.8   6.68 | 1.7042 1.8121 +0.1079 0.0666 0.620 0.118 | 1.7039 0.0017 | BAD  ||  0.79   0.90 -0.442 |   -0.86   0.57   1.25 | 2.43e-06 0.000 0.004 0.062 +0.0000 | 1.9e-06 0.003 0.023
20260714-1-h7vI        model        336610 bf16 1.00 inter |    47.46    1.25/1.47/1.28   +10.854 |     +515.2  1067.1   2.15 | 0.7538 0.9839 +0.2301 0.2707 0.977 0.222 | 0.7539 0.0025 | BAD  ||  5.27   1.74 -0.646 | -177.64   0.65 -175.42 | 3.50e-02 0.000 0.444 0.976 +0.0430 | 1.7e-06 0.003 0.026
20260729-1-VZ2j        model        106333 bf16 1.00 inter |    46.83    1.17/1.29/1.14   +13.750 |     +514.8  1043.9   3.17 | 0.7167 0.8418 +0.1251 0.1220 0.972 0.251 | 0.7167 0.0017 | BAD  ||  7.29   1.85 -0.756 | -257.44   0.63 -254.99 | 8.74e-02 0.000 0.407 0.981 -0.0471 | 2.0e-06 0.001 0.017
20260802-2-Xuub        model         49374 bf16 1.00 inter |    46.43    1.16/1.24/1.09   +15.104 |     +513.2   983.6   2.18 | 0.7728 1.1049 +0.3321 0.2655 0.968 0.527 | 0.7728 0.0017 | BAD  ||  7.99   1.93 -0.807 | -265.26   0.56 -263.13 | 1.57e-01 0.000 0.631 0.986 -0.0228 | 1.5e-06 0.002 0.021
20260805-1-0pTW        model          2000 bf16 1.00 inter |    46.15    1.16/1.27/1.12   +15.042 |     +513.9  1069.5   3.51 | 0.7565 1.1382 +0.3817 0.3296 0.819 0.457 | 0.7565 0.0000 | BAD  ||  7.97   1.93 -0.805 | -266.25   0.65 -264.01 | 1.04e-01 0.000 0.606 0.983 +0.1560 | 1.7e-06 0.003 0.028
20260727-1-Ejp0        model       1397000 bf16 1.00 inter |    29.44    0.73/0.78/0.76   +28.792 |     +513.3   995.3   4.25 | 1.2000 1.6596 +0.4596 0.1224 0.591 0.200 | 1.2000 0.0008 | BAD  ||  3.80   1.24 -0.981 | -138.17   0.79 -135.87 | 3.42e-02 0.000 0.411 0.975 +0.1071 | 2.2e-06 0.006 0.075
20260727-1-Ejp0        20260807-064237-    21009 bf16 1.00 inter |    29.73    0.68/0.74/0.70   +26.792 |     +513.6  1077.9   3.57 | 0.7292 0.9181 +0.1890 0.1791 0.880 0.464 | 0.7293 0.0034 | BAD  ||  3.52   1.23 -0.924 | -128.31   0.59 -126.12 | 3.34e-02 0.000 0.234 0.953 -0.0080 | 1.7e-06 0.005 0.026
20260727-1-Ejp0        20260807-071405-     2578 bf16 1.00 inter |    29.73    0.68/0.74/0.70   +26.792 |     +513.6  1077.9   3.57 | 0.7292 0.9181 +0.1890 0.1791 0.880 0.464 | 0.7293 0.0034 | BAD  ||  3.52   1.23 -0.924 | -128.31   0.59 -126.12 | 3.34e-02 0.000 0.234 0.953 -0.0080 | 1.7e-06 0.005 0.026
ERROR session:20260609-025811-20260608-5-cwkO-manual.dcmsession champion.safetensors ValueError('shape-mismatch for sum')
20260612-21-eBNC-10    20260614-002022-    49836 bf16 1.00 inter |     8.30    1.33/1.21/1.30    +1.012 |      +32.3    78.0   3.84 | 2.6546 2.6552 +0.0007 0.0006 0.003 0.000 | 2.6543 0.0000 | fine ||  0.27   1.39 -0.008 |  +12.08   0.64  13.12 | 1.51e-04 0.000 0.172 0.751 +0.0001 | 5.4e-07 0.014 0.091
ERROR session:20260608-140104-20260607-7-KnCx-promote.dcmsession champion.safetensors ValueError('shape-mismatch for sum')
ERROR session:20260607-195042-20260607-5-oItC-manual.dcmsession champion.safetensors ValueError('shape-mismatch for sum')
20260601-11-bzw3-31    20260607-015807-   467099 bf16 1.00 inter |    22.91    1.19/1.08/1.13    +4.312 |     +275.4   297.8   1.00 | 1.4337 1.5154 +0.0817 0.1165 1.000 0.593 | 1.4336 0.0008 | BAD  ||  0.93   1.70 -0.189 |   -2.95   1.90   0.44 | 2.13e-06 0.000 0.004 0.025 -0.0001 | 6.4e-06 0.016 0.156
20260727-1-Ejp0-66     20260830-185905-  1183795 bf16 1.00 inter |    26.60    1.02/0.97/1.10   +26.792 |     +512.6  1060.6   2.46 | 0.7561 0.9176 +0.1615 0.1705 0.930 0.283 | 0.7561 0.0102 | BAD  ||  3.28   1.15 -0.924 | -122.46   0.52 -119.64 | 5.07e-03 0.000 0.041 0.958 +0.0208 | 2.4e-06 0.001 0.019
20260727-1-Ejp0-59     20260830-062000-  1118017 bf16 1.00 inter |    26.75    1.02/0.96/1.09   +26.792 |     +512.6  1056.5   2.50 | 0.7600 0.9392 +0.1792 0.1571 0.922 0.464 | 0.7599 0.0034 | BAD  ||  3.28   1.16 -0.924 | -122.86   0.53 -119.96 | 4.85e-03 0.000 0.057 0.954 +0.0003 | 2.3e-06 0.002 0.011
20260727-1-Ejp0-9      20260808-222418-   197340 bf16 1.00 inter |    15.25    0.78/0.56/0.73   +28.000 |     +512.9  1048.2   2.10 | 0.7637 0.8833 +0.1196 0.1638 0.899 0.314 | 0.7637 0.0034 | BAD  ||  1.73   0.74 -0.947 |  -57.16   0.53 -54.39 | 1.80e-03 0.000 0.075 0.869 +0.0010 | 2.0e-06 0.001 0.011
20260727-1-Ejp0-3      20260809-142120-    82033 bf16 1.00 inter |    29.65    0.79/0.75/0.80   +26.792 |     +512.9  1064.4   2.70 | 0.7375 0.9036 +0.1661 0.1712 0.869 0.431 | 0.7375 0.0068 | BAD  ||  3.52   1.23 -0.924 | -130.38   0.55 -127.88 | 5.11e-02 0.000 0.258 0.974 -0.0402 | 1.8e-06 0.002 0.006
20260514-1-KbHZ-22     20260611-212501-   532369 f32  0.00 simpl |     0.82    1.13/0.94/1.08    +0.597 |       +0.3     5.5   1.24 | 1.6332 1.6332 +0.0000 0.0000 0.000 0.000 | 1.6332 0.0000 | fine ||  0.22   1.39 -0.000 |  +15.17   1.50  18.38 | 7.92e-14 0.000 0.000 0.000 -0.0000 | 1.6e-15 0.000 0.000
20260614-4-wTp3-3      20260614-133904-    35496 f32  0.01 inter |     0.71    0.87/0.84/0.81    +0.597 |       +nan     nan    nan | nan nan +nan nan 0.000 0.000 | nan 0.0000 | BAD  ||  0.55   1.49 +0.000 |    +nan    nan    nan | nan 0.000 0.000 0.000 +nan | nan 0.000 0.000
20260609-12-LMGh-3     20260609-144428-    79135 bf16 1.00 inter |    26.24    1.37/1.25/1.13    +1.945 |   +43926.0 44305.5 831.55 | inf 33.4642 -inf nan 0.000 0.000 | 33.4642 0.0000 | fine ||  0.83   1.85 -0.007 | -212.72 396.41 355.94 | 5.23e-04 0.000 0.275 0.794 -0.4443 | 5.1e-03 0.273 0.775
20260727-1-Ejp0-67     20260917-223317-  1186322 bf16 1.00 inter |    26.60    1.02/0.97/1.10   +26.792 |     +512.5  1047.6   2.39 | 0.7586 0.9182 +0.1597 0.1580 0.913 0.341 | 0.7585 0.0042 | BAD  ||  3.28   1.15 -0.924 | -122.44   0.52 -119.60 | 4.92e-03 0.000 0.047 0.963 +0.0190 | 2.3e-06 0.001 0.015
20260921-2-Mh5n-3      20260921-224358-    15901 bf16 1.00 inter |     0.78    0.95/0.95/0.98    +0.605 |       +1.1     4.9   3.62 | 3.3511 3.3508 -0.0003 -0.0001 0.000 0.000 | 3.3511 0.0297 | fine ||  0.26   1.44 -0.000 |  +12.22   1.31  14.87 | 1.54e-04 0.000 0.036 0.331 +0.0007 | 3.9e-06 0.007 0.044
